201 5
0 19990 10 0 0 0
1 19985.90328127523 12.27004396538965 1.019146655800389 0.805325543112499 0.00220256046317916
2 19980.89095565955 15.05444012899956 2.200523769835682 1.848988417899547 0.005092023703606612
3 19974.75695131776 18.46922965151933 3.585524893744947 3.179482754838957 0.008811382127899959
4 19967.24889859316 22.65637786255306 5.224546620291341 4.856640178867563 0.01353674512135842
5 19958.05793350174 27.78943665851055 7.179011061856999 6.954134096596383 0.01948468129299216
6 19946.80634487939 34.08037824327551 9.523823538785637 9.56253216960752 0.02692116892865572
7 19933.03265562284 41.78780899402171 12.35035295757372 12.79300993809558 0.03617248745880269
8 19916.17367485025 51.22679163802774 15.77003653080714 16.78185853859498 0.04763844230949969
9 19895.54301087298 62.78051442510274 19.91872511878077 21.69594120236754 0.06180838076196727
10 19870.30550475007 76.91403954418887 24.96189936418181 27.73927581656429 0.07928052498444685
11 19839.44704693676 94.19032736143502 31.10089791120794 35.16094257499492 0.1007852156004355
12 19801.73929965349 115.2886498404283 38.58030406011134 44.2645337289427 0.1272127170252227
13 19755.699001398 141.0253492533087 47.69663110051174 55.41937197682892 0.1596462713396888
14 19699.54182957743 172.3766298646544 58.80842162642686 69.07371785101203 0.1994010804745607
15 19631.13131465793 210.5026405372438 72.34782122262682 85.77015376547398 0.2480698167200528
16 19547.92413008751 256.7714508179951 88.83358638259882 106.1632576464596 0.3075750654248753
17 19446.91434592221 312.7805652737135 108.8853192777267 131.0395407957203 0.3802287306241728
18 19324.58106677316 380.3722799015922 133.2384610490232 161.3393944723004 0.4687978039110256
19 19176.84640796878 461.6373960770446 162.7591885995012 198.1804324457401 0.576574908926164
20 18999.05407810135 558.8995646765273 198.4578138974347 242.8810927504776 0.707450574199927
21 18785.98287522269 674.6699564983851 241.4985528913781 296.9826332425304 0.8659821450062485
22 18531.91383762316 811.5594016024195 293.2026094548754 362.2666997698416 1.057451549690855
23 18230.77382202015 972.1333444404423 355.0404538196594 440.7644788981962 1.287900821546143
24 17876.38043160437 1158.695180591881 428.608097801845 534.7521594208088 1.56413058108407
25 17462.81116682641 1372.987614141348 515.5813473979905 646.7262284595882 1.89364317465755
26 16984.91037202721 1615.811838548276 617.6418857452895 779.3513938063112 2.284509872907509
27 16438.92786157856 1886.582569138796 736.3702155153404 935.374211765958 2.745142001337932
28 15823.25128458934 2182.863611825105 873.1036575503256 1117.497495009148 3.283951026075418
29 15139.15232198849 2499.960581862042 1028.763289778156 1328.214912110452 3.908894260853291
30 14391.42296927373 2830.676109477536 1203.66188266132 1569.612116810477 4.626921776930136
31 13588.74796232212 3165.344516853738 1397.314472984837 1843.149683017205 5.443364822089517
32 12743.66263920009 3492.241889794749 1608.281816513685 2149.452322595449 6.361331896019547
33 11871.99785687889 3798.404356672763 1834.081114954414 2488.135473698879 7.38119779504151
34 10991.81488296458 4070.788950970625 2071.194720799155 2857.701170696996 8.500274568632806
35 10121.9596137048 4297.605245057055 2315.194399538133 3255.528006379611 9.712735320397092
36 9280.473627054933 4469.573232866178 2560.977970219949 3677.965347054102 11.00982280483174
37 8483.145168859128 4580.859196612996 2803.092126274049 4120.523184408479 12.38032384534435
38 7742.44500832552 4629.515087350601 3036.097108661447 4578.131553209621 13.81124245280559
39 7066.985204723649 4617.372219986037 3254.921485431049 5045.432516396874 15.28857346238575
40 6461.506432958772 4549.469031793141 3455.160441264987 5517.066021762847 16.79807222025065
41 5927.289452600478 4433.180880081284 3633.285996325513 5987.917738233016 18.32593275970837
42 5462.828247626177 4277.246645756529 3786.756860816785 6453.308927601186 19.85931819932469
43 5064.599348441835 4090.859197665641 3914.033395470016 6909.121336815293 21.38672160721676
44 4727.797093256234 3882.928484449289 4014.515529550991 7351.860728369248 22.89816437423996
45 4446.954998641716 3661.563046365494 4088.427284477407 7778.669412745943 24.38525776944232
46 4216.420480254483 3433.765688894106 4136.671682578947 8187.300986688173 25.84116158429277
47 4030.684288807471 3205.308648511711 4160.676248469123 8576.070340242521 27.26047396917804
48 3884.585436272055 2980.741330122622 4162.244066669751 8943.790085025281 28.63908191029703
49 3773.41984836337 2763.484236858316 4143.419988632016 9289.701931048106 29.97399509819863
50 3692.980704363508 2555.97020759121 4106.376990615096 9613.408918293046 31.2631791371463
51 3639.554203583701 2359.803990030998 4053.324232091202 9914.812176104768 32.50539818933519
52 3609.888983988042 2175.920715618142 3986.436054109527 10194.05417365683 33.70007262746285
53 3601.152133815308 2004.731682503308 3907.799805512677 10451.46922410104 34.84715406767367
54 3610.880360953741 1846.251642646998 3819.379749205216 10687.54122913023 35.94701806381772
55 3636.931582121006 1700.205699114751 3722.994149445443 10902.86819582093 37.00037349787186
56 3677.43986883863 1566.116330544555 3620.302785972809 11098.13282759301 38.00818705099972
57 3730.775145678731 1443.372381936682 3512.802443351346 11274.07840815128 38.97162088196607
58 3795.508073636326 1331.282450271731 3401.828290748954 11431.48920371991 39.89198162308509
59 3870.379991432535 1229.115224588779 3288.559440303209 11571.17466475251 40.77067892297617
60 3954.277493513036 1136.129208686446 3174.027318452791 11693.95678739719 41.60919195054093
61 4046.21109675538 1051.593991269551 3059.1257883739 11800.66008111876 42.40904248241918
62 4145.297420673046 974.804915363611 2944.62221787137 11892.10367269051 43.17177340146597
63 4250.744333660546 905.0926844439266 2831.168896860994 11969.09515341142 43.89893162311601
64 4361.83857246772 841.8291527792571 2719.314376301528 12032.42584381759 44.59205463390825
65 4477.935406681112 784.4302936095141 2609.514431810654 12082.86720792833 45.25265997039408
66 4598.449984875422 732.3571241516786 2502.14245619861 12121.16819768622 45.88223708807048
67 4722.850059231331 685.1151895585125 2397.499161392972 12148.05334864618 46.48224117100505
68 4850.649838551074 642.2530650215901 2295.821526684491 12164.22148122678 47.0540885160672
69 4981.404765122661 603.3602215033611 2197.290971135784 12170.34488904439 47.59915319381324
70 5114.707049057756 568.0645113135696 2102.040756873114 12167.06891801199 48.11876474357751
71 5250.181825262452 536.0294604714819 2010.162649674122 12155.01185788655 48.61420670540672
72 5387.483823966714 506.9515016120336 1921.712876042346 12134.76508255088 49.08671582803622
73 5526.294466626702 480.5572407868501 1836.717423609092 12106.89338715563 49.53748182174196
74 5666.319315852577 456.6008211357615 1755.176735612602 12071.93547985014 49.96764754893172
75 5807.285821535861 434.8614238300005 1677.069851440114 12030.40459362919 50.37830956484425
76 5948.941316181278 415.1409301267983 1602.358044590977 11982.78919016437 50.77051893658489
77 6091.051221112709 397.2617564099486 1530.988007537918 11929.55373265778 51.14528228164986
78 6233.397432152697 381.0648656103232 1462.894630281843 11871.1395089775 51.50356297764845
79 6375.77685892065 366.4079525388653 1398.003416245122 11807.96548979179 51.84628250358087
80 6518.000096339179 353.163796753538 1336.232575768861 11740.4292092583 52.17432188013567
81 6659.890210507491 341.2187741078162 1277.494834040692 11668.90765816168 52.48852318232732
82 6801.281623975901 330.471516700247 1221.698986898047 11593.75818132318 52.78969110263653
83 6942.019087779669 320.8317102659391 1168.75123470531 11515.31937270226 53.0785945468316
84 7081.956729477451 312.2190178985783 1118.55632144039 11433.9119629356 53.35596824798836
85 7220.957167979484 304.5621191991801 1071.018503274959 11349.83969515938 53.62251438701183
86 7358.890687214709 297.7978543919496 1026.042368305327 11263.39018587774 53.87890421029027
87 7495.634461730994 291.8704635378724 983.5335266899461 11174.83576840414 54.12577963706295
88 7631.071828193179 286.7309116473661 943.3991882695879 11084.43431703916 54.36375485071812
89 7765.091597476116 282.3362911975492 905.5486427774715 10992.43005067927 54.59341786961102
90 7897.587402672648 278.6492942643943 869.8936559761105 10899.05431499272 54.81533209414359
91 8028.457078873246 275.6377471625175 836.3487934709505 10804.52634266549 55.03003782781375
92 8157.602071043593 273.2742011304359 804.8316825326777 10709.05399152256 55.23805377074842
93 8284.926866744794 271.5355731970704 775.2632209950571 10612.83446057819 55.43987848490509
94 8410.338450821364 270.4028319102491 747.5677411683378 10516.05498426939 55.63599183067841
95 8533.745779536215 269.8607230967827 721.6731357052074 10418.89350528671 55.82685637509691
96 8655.059271969711 269.897531255021 697.5109514634056 10321.51932653973 56.01291877214992
97 8774.190316830554 270.504872554409 675.0164566136393 10224.09374288535 56.19461111605732
98 8891.050793158574 271.6775157329503 654.128685531508 10126.77065330849 56.372352268489
99 9005.55260374126 273.413227443437 634.7904653767384 10029.69715427772 56.54654916086287
100 9117.607220425221 275.7126388037382 616.9484276919434 9933.014115006212 56.71759807290132
101 9227.125240888372 278.5791300562136 600.5530078369634 9836.856735329859 56.88588588860851
102 9334.01595685651 282.0187303371645 585.5584346049113 9741.355086870686 57.05179133074181
103 9438.186934206733 286.0400295997393 571.9227119342553 9646.634638084595 57.21568617469049
104 9539.543605907853 290.6540997233274 559.6075942302251 9552.81676369617 57.37793644243797
105 9637.988879312543 295.8744217796445 548.5785564315371 9460.01923889932 57.53890357696613
106 9733.422759944737 301.7168163109511 538.804759598566 9368.356718548703 57.69894559705641
107 9825.741994626271 308.1993733099827 530.2590124506888 9277.941201381127 57.85841823194372
108 9914.839737565306 315.3423783755763 522.9177289382096 9188.882479086238 58.0176760346796
109 10000.60524389066 323.1682312548965 516.7608815931512 9101.288569788951 58.17707347235061
110 10082.92359606475 331.7013526761071 511.7719500589917 9015.2661352097 58.33696599046799
111 10161.67546964376 340.9680750295849 507.9378638485239 8930.920880430254 58.49771104788763
112 10236.73694597511 350.9965120789033 505.2489380186753 8848.357934809797 58.65966911752449
113 10307.97938062127 361.8164024854194 503.6988000795797 8767.682212166845 58.82320464688897
114 10375.26933756427 373.4589215266548 503.2843060719524 8688.998747866042 58.98868697108698
115 10438.4686005548 385.956454997603 504.0054433529496 8612.413009925262 59.15649116939037
116 10497.43427429696 399.3423289298123 505.8652172291285 8538.031180689304 59.32699885480281
117 10552.01898946249 413.6504884760213 508.8695181711337 8465.960405006141 59.5005988842254
118 10602.07122675678 428.9151191256778 513.0269659463289 8396.309000196341 59.6776879748853
119 10647.43577634504 445.1702033839055 518.3487266240064 8329.186622436408 59.85867121065277
120 10687.95434980931 462.4490062163911 524.8482980580478 8264.70438349649 60.04396241977751
121 10723.466362346 480.7834829960553 532.5412591531646 8202.974911101315 60.23398440347412
122 10753.80990301301 500.2036044521458 541.4449779969349 8144.112345545179 60.42916899274885
123 10778.82291036107 520.7365942918664 551.5782738194786 8088.232264618629 60.62995690897051
124 10798.34456958976 542.4060768148471 562.9610277593963 8035.451528433954 60.83679740205653
125 10812.21694529387 565.2311340462231 575.6137376068535 7985.88803541417 61.05014763889606
126 10820.28686075129 589.2252747422037 589.5570121046562 7939.660380587949 61.27047181391837
127 10822.40803039035 614.395321125435 604.8110010608239 7896.887407469701 61.49823995370221
128 10818.44344642616 640.7402234148138 621.3947585072048 7857.687645263431 61.7339263883994
129 10808.26801356636 668.2498171192316 639.3255374718137 7822.178623977903 61.97800786470791
130 10791.77141710697 696.9035436132451 658.6180166558454 7790.476061345577 62.23096127837628
131 10768.86119969184 726.6691605910166 679.2834614475667 7762.69291726065 62.49326100894133
132 10739.46601061583 757.5014754170054 701.3288242767887 7738.938313844626 62.76537584576024
133 10703.53897905488 789.3411408899441 724.7557923059575 7719.31632224671 63.04776550251876
134 10661.0611493845 822.1135591554323 749.5597938297373 7703.924620902997 63.34087672733801
135 10612.04490333569 855.7279450009726 775.7289784428572 7692.85303419315 63.64513902733717
136 10556.53728081869 890.0766040290823 803.2431899252626 7686.181965187068 63.96096003990177
137 10494.62309965028 925.0344836593681 832.0729547309946 7683.980741361665 64.28872059769422
138 10426.42776508932 960.4590549706406 862.1785127563973 7686.305897633431 64.62876955021596
139 10352.11965402415 996.1905804999533 893.5089204680886 7693.199426586885 64.98141842093045
140 10271.91195686185 1032.052816796187 926.0012592238746 7704.687031123213 65.34693599487683
141 10186.06386354719 1067.85419046673 959.5799834342611 7720.776419605313 65.7255429465111
142 10094.88098939696 1103.389472566877 994.1564438027422 7741.455687603152 66.11740663027535
143 9998.714951981561 1138.441958659575 1029.628619987878 7766.691833204843 66.52263616614565
144 9897.962032130756 1172.786141246909 1065.881094438525 7796.429454225619 66.94127795819338
145 9793.060879825143 1206.190838423185 1102.785294733723 7830.589675232781 67.37331178516935
146 9684.489258289201 1238.42271873385 1140.200025484227 7869.069349895112 67.81864759761467
147 9572.759855556838 1269.250138828608 1177.972302823232 7911.740579645706 68.27712314562221
148 9458.415230235665 1298.447189225581 1215.938494967523 7958.450583026194 68.74850254504523
149 9342.02199494044 1325.797826043169 1253.925761643453 8009.021941504961 69.23247586798603
150 9224.164374552071 1351.099954464921 1291.753773845796 8063.253237320718 69.72865981650445
151 9105.437304805897 1374.169324240185 1329.236684028941 8120.920087417249 70.23659950773938
152 8986.439257725875 1394.843099500716 1366.18530607191 8181.776565336069 70.75577136543882
153 8867.764992585895 1412.982974839635 1402.409454868659 8245.556990626948 71.28558707886833
154 8749.998433521352 1428.477726583619 1437.720387780274 8311.97805355781 71.82539855695107
155 8633.70586748958 1441.245111512852 1471.933284949452 8380.741232273125 72.37450377499785
156 8519.429639588307 1451.233053438133 1504.869702974024 8451.535450614474 72.93215338507008
157 8407.682498068425 1458.420089134211 1536.359936837614 8524.039918019591 73.49755794016328
158 8298.942710546573 1462.815077051639 1566.245228277451 8597.927088556424 74.06989556791666
159 8193.650038116555 1464.456202881543 1594.379764714579 8672.865674365392 74.64831992193211
160 8092.202617602497 1463.409343516224 1620.632421092149 8748.523649551063 75.23196823806666
161 7994.954766347446 1459.765873676462 1644.888206941153 8824.571183706066 75.81996932887196
162 7902.215690691984 1453.640016376996 1667.049392111692 8900.683449458375 76.41145136095643
163 7814.249050274467 1445.165848914629 1687.036296229268 8976.543255305214 77.00554927642675
164 7731.27330660456 1434.494080150889 1704.787738433689 9051.843463071329 77.6014117395376
165 7653.462766642789 1421.788712952204 1720.261154768597 9126.289158124444 78.19820751197418
166 7580.949220496214 1407.223698546575 1733.432400243424 9199.599549530225 78.79513118356687
167 7513.824066532359 1390.979678312768 1744.295260736172 9271.509586210161 79.39140820854681
168 7452.140816613038 1373.240894324059 1752.860706321703 9341.771283521497 79.98629921971011
169 7395.917877929769 1354.192334027472 1759.155922199115 9410.154762230371 80.57910361328088
170 7345.141515137808 1334.017157875816 1763.223156169806 9476.4490084013 81.16916241527994
171 7299.768906166126 1312.894442516998 1765.118422697396 9540.462368164035 81.75586045545799
172 7259.731216303456 1290.997257061961 1764.910103146753 9602.022795600664 82.33862788717818
173 7224.936627105313 1268.491076564942 1762.677480086256 9660.977875142464 82.91694110103838
174 7195.2732686474 1245.532525513664 1758.509240805384 9717.194641946915 83.4903230866495
175 7170.612015129526 1222.268435008966 1752.501981715309 9770.559224845138 84.05834330107291
176 7150.809114421359 1198.835190419282 1744.758741319037 9820.976336736059 84.62061710427328
177 7135.708631583901 1175.358341507382 1735.387585193135 9868.368636893687 85.17680482190445
178 7125.144694563176 1151.95244413812 1724.500262116959 9912.67598868759 85.72661049416632
179 7118.943537095958 1128.721101425446 1712.2109462844 9953.854634827518 86.26978036669209
180 7116.925339425736 1105.757172277471 1698.63507656722 9991.87631055382 86.80610117576454
181 7118.905871786667 1083.143116460705 1683.888300162772 10026.72731331397 87.33539827589966
182 7124.697948893827 1060.951447254044 1668.085524714273 10058.40754548465 87.85753365322246
183 7134.112706017222 1039.24526525222 1651.340080172889 10086.92954469439 88.3724038632939
184 7146.960708758083 1018.078849692867 1633.762989288003 10112.31751433376 88.8799379272959
185 7163.052909528988 997.4982866435779 1615.462343657039 10134.60636495453 89.38009521586851
186 7182.201464095158 977.5421163539272 1596.54278071672 10153.84077548869 89.87286334551317
187 7204.220421480326 958.2419849451081 1577.105055881575 10170.0742815846 90.35825610839447
188 7228.926300179617 939.6232882997117 1557.245703194481 10183.36839687357 90.83631145262771
189 7256.138563040789 921.7057984755899 1537.056777306473 10193.7917716504 91.30708952675501
190 7285.680002446169 904.5042651714841 1516.625669306651 10201.41939227661 91.77067079909054
191 7317.377046608713 888.0289867062895 1496.034988836357 10206.33182358869 92.22715425995231
192 7351.059996932607 872.2863466396027 1475.36250500598 10208.61449570934 92.67665571247555
193 7386.563205516596 857.2793135693883 1454.681138851948 10208.35703590636 93.11930615570243
194 7423.725201022825 843.007902810452 1434.059000393734 10205.65264551105 93.55525026193926
195 7462.388770313632 829.4695996063998 1413.559463747818 10200.59752138321 93.98464494893668
196 7502.401002485935 816.6597442813598 1393.241274203711 10193.29032098274 94.40765804625612
197 7543.61330121503 804.5718803201521 1373.158681645757 10183.83166976486 94.82446705420857
198 7585.881370660854 793.1980668004846 1353.361595197135 10172.32370934857 95.23525799296146
199 7629.065179590954 782.5291569106219 1333.895754455626 10158.86968470402 95.64022433878613
200 7673.028907834794 772.5550444915817 1314.802913173918 10143.57356845577 96.03956604393345