  0.00000E+00   0.10000E+03   0.50000E+01   0.00000E+00   0.00000E+00   0.00000E+00
  0.10000E+00   0.99524E+02  -0.52381E+00   0.25000E+01   0.15000E+01   0.20000E+01
  0.20000E+00   0.99876E+02   0.52890E-01   0.48810E+00   0.17929E+01   0.27905E+01
  0.30000E+00   0.10023E+03  -0.53849E-02   0.17287E+00   0.15966E+01   0.30069E+01
  0.40000E+00   0.10055E+03   0.54691E-03   0.49170E-01   0.13275E+01   0.30739E+01
  0.50000E+00   0.10081E+03  -0.55404E-04   0.15024E-01   0.10769E+01   0.30938E+01
  0.60000E+00   0.10103E+03   0.55989E-05   0.44796E-02   0.86603E+00   0.30997E+01
  0.70000E+00   0.10120E+03  -0.56465E-06   0.13467E-02   0.69417E+00   0.31015E+01
  0.80000E+00   0.10134E+03   0.56850E-07   0.40372E-03   0.55574E+00   0.31021E+01
  0.90000E+00   0.10145E+03  -0.57160E-08   0.12114E-03   0.44471E+00   0.31022E+01
  0.10000E+01   0.10154E+03   0.57410E-09   0.36341E-04   0.35581E+00   0.31023E+01
  0.11000E+01   0.10161E+03  -0.57610E-10   0.10902E-04   0.28466E+00   0.31023E+01
  0.12000E+01   0.10167E+03   0.57771E-11   0.32707E-05   0.22773E+00   0.31023E+01
  0.13000E+01   0.10172E+03  -0.57900E-12   0.98121E-06   0.18218E+00   0.31023E+01
  0.14000E+01   0.10175E+03   0.58004E-13   0.29436E-06   0.14575E+00   0.31023E+01
  0.15000E+01   0.10178E+03  -0.58087E-14   0.88309E-07   0.11660E+00   0.31023E+01
  0.16000E+01   0.10180E+03   0.58153E-15   0.26493E-07   0.93278E-01   0.31023E+01
  0.17000E+01   0.10182E+03  -0.58206E-16   0.79478E-08   0.74623E-01   0.31023E+01
  0.18000E+01   0.10184E+03   0.58249E-17   0.23843E-08   0.59698E-01   0.31023E+01
  0.19000E+01   0.10185E+03  -0.58283E-18   0.71530E-09   0.47758E-01   0.31023E+01
  0.20000E+01   0.10186E+03   0.58310E-19   0.21459E-09   0.38207E-01   0.31023E+01
  0.21000E+01   0.10187E+03  -0.58332E-20   0.64377E-10   0.30565E-01   0.31023E+01
  0.22000E+01   0.10187E+03   0.58350E-21   0.19313E-10   0.24452E-01   0.31023E+01
  0.23000E+01   0.10188E+03  -0.58364E-22   0.57940E-11   0.19562E-01   0.31023E+01
  0.24000E+01   0.10188E+03   0.58375E-23   0.17382E-11   0.15649E-01   0.31023E+01
  0.25000E+01   0.10189E+03  -0.58384E-24   0.52146E-12   0.12520E-01   0.31023E+01
  0.26000E+01   0.10189E+03   0.58391E-25   0.15644E-12   0.10016E-01   0.31023E+01
  0.27000E+01   0.10189E+03  -0.58397E-26   0.46931E-13   0.80125E-02   0.31023E+01
  0.28000E+01   0.10189E+03   0.58402E-27   0.14079E-13   0.64100E-02   0.31023E+01
  0.29000E+01   0.10189E+03  -0.58405E-28   0.42238E-14   0.51280E-02   0.31023E+01
  0.30000E+01   0.10189E+03   0.58408E-29   0.12671E-14   0.41024E-02   0.31023E+01
  0.31000E+01   0.10189E+03  -0.58411E-30   0.38014E-15   0.32819E-02   0.31023E+01
  0.32000E+01   0.10190E+03   0.58412E-31   0.11404E-15   0.26255E-02   0.31023E+01
  0.33000E+01   0.10190E+03  -0.58414E-32   0.34213E-16   0.21004E-02   0.31023E+01
  0.34000E+01   0.10190E+03   0.58415E-33   0.10264E-16   0.16804E-02   0.31023E+01
  0.35000E+01   0.10190E+03  -0.58416E-34   0.30791E-17   0.13443E-02   0.31023E+01
  0.36000E+01   0.10190E+03   0.58417E-35   0.92374E-18   0.10754E-02   0.31023E+01
  0.37000E+01   0.10190E+03  -0.58418E-36   0.27712E-18   0.86034E-03   0.31023E+01
  0.38000E+01   0.10190E+03   0.58418E-37   0.83137E-19   0.68827E-03   0.31023E+01
  0.39000E+01   0.10190E+03  -0.58419E-38   0.24941E-19   0.55062E-03   0.31023E+01
  0.40000E+01   0.10190E+03   0.58419E-39   0.74823E-20   0.44049E-03   0.31023E+01
  0.41000E+01   0.10190E+03  -0.58419E-40   0.22447E-20   0.35240E-03   0.31023E+01
  0.42000E+01   0.10190E+03   0.58420E-41   0.67341E-21   0.28192E-03   0.31023E+01
  0.43000E+01   0.10190E+03  -0.58434E-42   0.20202E-21   0.22553E-03   0.31023E+01
  0.44000E+01   0.10190E+03   0.58855E-43   0.60607E-22   0.18043E-03   0.31023E+01
  0.45000E+01   0.10190E+03  -0.56052E-44   0.18182E-22   0.14434E-03   0.31023E+01
  0.46000E+01   0.10190E+03   0.00000E+00   0.54546E-23   0.11547E-03   0.31023E+01
  0.47000E+01   0.10190E+03   0.00000E+00   0.16364E-23   0.92378E-04   0.31023E+01
  0.48000E+01   0.10190E+03   0.00000E+00   0.49092E-24   0.73903E-04   0.31023E+01
  0.49000E+01   0.10190E+03   0.00000E+00   0.14727E-24   0.59122E-04   0.31023E+01
  0.50000E+01   0.10190E+03   0.00000E+00   0.44182E-25   0.47298E-04   0.31023E+01
  0.51000E+01   0.10190E+03   0.00000E+00   0.13255E-25   0.37838E-04   0.31023E+01
  0.52000E+01   0.10190E+03   0.00000E+00   0.39764E-26   0.30271E-04   0.31023E+01
  0.53000E+01   0.10190E+03   0.00000E+00   0.11929E-26   0.24216E-04   0.31023E+01
  0.54000E+01   0.10190E+03   0.00000E+00   0.35788E-27   0.19373E-04   0.31023E+01
  0.55000E+01   0.10190E+03   0.00000E+00   0.10736E-27   0.15499E-04   0.31023E+01
  0.56000E+01   0.10190E+03   0.00000E+00   0.32209E-28   0.12399E-04   0.31023E+01
  0.57000E+01   0.10190E+03   0.00000E+00   0.96627E-29   0.99190E-05   0.31023E+01
  0.58000E+01   0.10190E+03   0.00000E+00   0.28988E-29   0.79352E-05   0.31023E+01
  0.59000E+01   0.10190E+03   0.00000E+00   0.86964E-30   0.63482E-05   0.31023E+01
  0.60000E+01   0.10190E+03   0.00000E+00   0.26089E-30   0.50786E-05   0.31023E+01
  0.61000E+01   0.10190E+03   0.00000E+00   0.78268E-31   0.40628E-05   0.31023E+01
  0.62000E+01   0.10190E+03   0.00000E+00   0.23480E-31   0.32503E-05   0.31023E+01
  0.63000E+01   0.10190E+03   0.00000E+00   0.70441E-32   0.26002E-05   0.31023E+01
  0.64000E+01   0.10190E+03   0.00000E+00   0.21132E-32   0.20802E-05   0.31023E+01
  0.65000E+01   0.10190E+03   0.00000E+00   0.63397E-33   0.16641E-05   0.31023E+01
  0.66000E+01   0.10190E+03   0.00000E+00   0.19019E-33   0.13313E-05   0.31023E+01
  0.67000E+01   0.10190E+03   0.00000E+00   0.57057E-34   0.10650E-05   0.31023E+01
  0.68000E+01   0.10190E+03   0.00000E+00   0.17117E-34   0.85204E-06   0.31023E+01
  0.69000E+01   0.10190E+03   0.00000E+00   0.51351E-35   0.68163E-06   0.31023E+01
  0.70000E+01   0.10190E+03   0.00000E+00   0.15405E-35   0.54531E-06   0.31023E+01
  0.71000E+01   0.10190E+03   0.00000E+00   0.46216E-36   0.43624E-06   0.31023E+01
  0.72000E+01   0.10190E+03   0.00000E+00   0.13865E-36   0.34900E-06   0.31023E+01
  0.73000E+01   0.10190E+03   0.00000E+00   0.41595E-37   0.27920E-06   0.31023E+01
  0.74000E+01   0.10190E+03   0.00000E+00   0.12478E-37   0.22336E-06   0.31023E+01
  0.75000E+01   0.10190E+03   0.00000E+00   0.37435E-38   0.17869E-06   0.31023E+01
  0.76000E+01   0.10190E+03   0.00000E+00   0.11231E-38   0.14295E-06   0.31023E+01
  0.77000E+01   0.10190E+03   0.00000E+00   0.33692E-39   0.11436E-06   0.31023E+01
  0.78000E+01   0.10190E+03   0.00000E+00   0.10108E-39   0.91487E-07   0.31023E+01
  0.79000E+01   0.10190E+03   0.00000E+00   0.30323E-40   0.73190E-07   0.31023E+01
  0.80000E+01   0.10190E+03   0.00000E+00   0.90972E-41   0.58552E-07   0.31023E+01
  0.81000E+01   0.10190E+03   0.00000E+00   0.27297E-41   0.46841E-07   0.31023E+01
  0.82000E+01   0.10190E+03   0.00000E+00   0.81836E-42   0.37473E-07   0.31023E+01
  0.83000E+01   0.10190E+03   0.00000E+00   0.24523E-42   0.29978E-07   0.31023E+01
  0.84000E+01   0.10190E+03   0.00000E+00   0.72868E-43   0.23983E-07   0.31023E+01
  0.85000E+01   0.10190E+03   0.00000E+00   0.22421E-43   0.19186E-07   0.31023E+01
  0.86000E+01   0.10190E+03   0.00000E+00   0.70065E-44   0.15349E-07   0.31023E+01
  0.87000E+01   0.10190E+03   0.00000E+00   0.14013E-44   0.12279E-07   0.31023E+01
  0.88000E+01   0.10190E+03   0.00000E+00   0.00000E+00   0.98233E-08   0.31023E+01
  0.89000E+01   0.10190E+03   0.00000E+00   0.00000E+00   0.78587E-08   0.31023E+01
  0.90000E+01   0.10190E+03   0.00000E+00   0.00000E+00   0.62869E-08   0.31023E+01
  0.91000E+01   0.10190E+03   0.00000E+00   0.00000E+00   0.50296E-08   0.31023E+01
  0.92000E+01   0.10190E+03   0.00000E+00   0.00000E+00   0.40236E-08   0.31023E+01
  0.93000E+01   0.10190E+03   0.00000E+00   0.00000E+00   0.32189E-08   0.31023E+01
  0.94000E+01   0.10190E+03   0.00000E+00   0.00000E+00   0.25751E-08   0.31023E+01
  0.95000E+01   0.10190E+03   0.00000E+00   0.00000E+00   0.20601E-08   0.31023E+01
  0.96000E+01   0.10190E+03   0.00000E+00   0.00000E+00   0.16481E-08   0.31023E+01
  0.97000E+01   0.10190E+03   0.00000E+00   0.00000E+00   0.13185E-08   0.31023E+01
  0.98000E+01   0.10190E+03   0.00000E+00   0.00000E+00   0.10548E-08   0.31023E+01
  0.99000E+01   0.10190E+03   0.00000E+00   0.00000E+00   0.84382E-09   0.31023E+01
  0.10000E+02   0.10190E+03   0.00000E+00   0.00000E+00   0.67505E-09   0.31023E+01
